%YAML:1.0
calibrationDate: "2014-03-03 00:00:00"
sensorWidth: 1280
sensorHeight: 960
cameraMatrix: !!opencv-matrix
   rows: 3
   cols: 3
   dt: d
   data: [ 1.4887236407990629e+003, 0., 6.8957321788208901e+002, 0.,
       1.4887236407990629e+003, 5.7569260680898685e+002, 0., 0., 1. ]
distCoeffs: !!opencv-matrix
   rows: 1
   cols: 8
   dt: d
   data: [ -3.0164173593188631e-001, 3.7299125526722049e-001, 0., 0., 0.,
       0., 0., 6.3766119106699726e-001 ]
rotation: !!opencv-matrix
   rows: 3
   cols: 3
   dt: d
   data: [ 3.0909291841289693e-001, -2.1458680455264265e-002,
       9.5078972061130163e-001, -4.8353636786827910e-003,
       9.9969702868708188e-001, 2.4134417173706527e-002,
       -9.5101955134744376e-001, -1.2057191519524136e-002,
       3.0889551160152584e-001 ]
translation: !!opencv-matrix
   rows: 3
   cols: 1
   dt: d
   data: [ -1.1768615915306688e+002, 7.5007385651338190e+000,
       1.5354232189326532e+002 ]
