%YAML:1.0
R: !!opencv-matrix
   rows: 3
   cols: 3
   dt: d
   data: [ 3.0909291841289693e-001, -2.1458680455264265e-002,
       9.5078972061130163e-001, -4.8353636786827910e-003,
       9.9969702868708188e-001, 2.4134417173706527e-002,
       -9.5101955134744376e-001, -1.2057191519524136e-002,
       3.0889551160152584e-001 ]
T: !!opencv-matrix
   rows: 3
   cols: 1
   dt: d
   data: [ -1.1768615915306688e+002, 7.5007385651338190e+000,
       1.5354232189326532e+002 ]
R1: !!opencv-matrix
   rows: 3
   cols: 3
   dt: d
   data: [ 9.4231700013678155e-001, -4.2213344893496381e-002,
       3.3204925051281109e-001, 3.4175562672508472e-002,
       9.9896512139914051e-001, 3.0011950020246075e-002,
       -3.3297252464615479e-001, -1.6932800740073264e-002,
       9.4278448125213787e-001 ]
R2: !!opencv-matrix
   rows: 3
   cols: 3
   dt: d
   data: [ 6.0787836844564924e-001, -3.8743185723145286e-002,
       -7.9308439319903234e-001, 1.7662004653540186e-002,
       9.9922153327229080e-001, -3.5275785414226234e-002,
       7.9383369969249484e-001, 7.4359266399072607e-003,
       6.0808943768785528e-001 ]
P1: !!opencv-matrix
   rows: 3
   cols: 4
   dt: d
   data: [ 7.4135623079444144e+002, 0., 1.0362920379638672e+002, 0., 0.,
       7.4135623079444144e+002, 5.5974473571777344e+002, 0., 0., 0., 1.,
       0. ]
P2: !!opencv-matrix
   rows: 3
   cols: 4
   dt: d
   data: [ 7.4135623079444144e+002, 0., 2.5112335357666016e+003,
       -1.4352767246757733e+005, 0., 7.4135623079444144e+002,
       5.5974473571777344e+002, 0., 0., 0., 1., 0. ]
Q: !!opencv-matrix
   rows: 4
   cols: 4
   dt: d
   data: [ 1., 0., 0., -1.0362920379638672e+002, 0., 1., 0.,
       -5.5974473571777344e+002, 0., 0., 0., 7.4135623079444144e+002, 0.,
       0., 5.1652494466662008e-003, 1.2435876943500300e+001 ]
