%YAML:1.0
cam_K: !!opencv-matrix
   rows: 3
   cols: 3
   dt: d
   data: [ 2.4715931594214958e+003, 0., 6.3668537349983933e+002, 0.,
       2.4526923514367945e+003, 4.7788027765529461e+002, 0., 0., 1. ]
cam_kc: !!opencv-matrix
   rows: 1
   cols: 8
   dt: d
   data: [ -1.2272599256576736e-001, 1.2118199637553596e+001,
       -2.4941691559103953e-003, 2.0754471615420634e-003,
       -1.4417433834868456e+002, 1.4080798850942411e-001,
       1.3023325174322048e+001, -1.5684271927962209e+002 ]
