%YAML:1.0
cam_K: !!opencv-matrix
   rows: 3
   cols: 3
   dt: d
   data: [ 2.4749050706734915e+003, 0., 6.3438724462494554e+002, 0.,
       2.4558430738756661e+003, 4.7400969344762137e+002, 0., 0., 1. ]
cam_kc: !!opencv-matrix
   rows: 1
   cols: 5
   dt: d
   data: [ -2.6941695732486853e-001, -5.7509317759187306e-001,
       -2.5101804453679204e-003, 2.2284335705975412e-003,
       1.0113349959733952e+001 ]
